# Phonopy generated file for v_sim 3.6
  10 0 10
  0 0 10
  0.0    0.0    0.0   Cu
  2.5    0.0    0.0   Cu
  5.0    0.0    0.0   Cu
  7.5    0.0    0.0   Cu
  0.0    0.0    5.0   Cu
  2.5    0.0    5.0   Cu
  5.0    0.0    5.0   Cu
  7.5    0.0    5.0   Cu
  0.0    0.5    0.0   Cu
  2.5    0.5    0.0   Cu
  5.0    0.5    0.0   Cu
  7.5    0.5    0.0   Cu    
  0.0    0.5    0.5   Cu
  2.5    0.5    0.5   Cu
  5.0    0.5    0.5   Cu
  7.5    0.5    0.5   Cu    
#  
#metaData: qpt=[0.000000;0.000000;0.000000;-0.057495 \
#;  1; 0; 0; 0.000000; 0.000000; 0.000000 \
#;  0; 1; 0.; 0.000000; 0.000000; 0.00000 \
#;  0; 1; 1.; 0.000000; 0.000000; 0.000000 \
#;  1; 1;  1; 0.000000; 0.000000; 0.000000 \
#; -1; 0.; -0.; 0.000000; 0.000000; 0.000000 \
#;  0; -1; 0; 0.000000; 0.000000; 0.000000 \
#; -0; -0.; -1.; 0.000000; 0.000000; 0.000000 \
#; -1; -1; -1; 0.000000; 0.000000; 0.000000 \
#; 1; 2; 0; 0;0;0 \
#; 2; 1; 0; 0;0;0 \
#; 0; 1; 2; 0;0;0 \
#; 0; 2; 1; 0;0;0 \
#; -1;2;0; 0;0;0 \
#; -2;0;1; 0;0;0 \
#; 2; 0; -1; 0;0;0 \
#; 3;-2;1; 0;0;0\
# ]
